[gd_scene load_steps=10 format=3 uid="uid://4ni2657o5ac5"]

[ext_resource type="Shader" path="res://assets/butterfly/butterfly.gdshader" id="1_0x7hk"]
[ext_resource type="Texture2D" uid="uid://bvka5jxnlvk6e" path="res://assets/butterfly/butterfly_orange.png" id="2_clrl7"]
[ext_resource type="Script" path="res://assets/butterfly/MultiMeshInstanceButterflies.gd" id="3_3d4u6"]

[sub_resource type="Environment" id="Environment_qj4fn"]
background_mode = 1
background_color = Color(0.603922, 0.709804, 0.698039, 1)

[sub_resource type="ShaderMaterial" id="ShaderMaterial_xaqwh"]
render_priority = 0
shader = ExtResource( "1_0x7hk" )
shader_param/displ_amnt = 1.0
shader_param/displ_speed = 10.0
shader_param/time_scale = 10.0
shader_param/butterfly_tex = ExtResource( "2_clrl7" )

[sub_resource type="PlaneMesh" id="PlaneMesh_bhxux"]
material = SubResource( "ShaderMaterial_xaqwh" )
subdivide_width = 1
subdivide_depth = 1

[sub_resource type="MultiMesh" id="MultiMesh_g8etn"]
transform_format = 1
instance_count = 8
mesh = SubResource( "PlaneMesh_bhxux" )
buffer = PackedFloat32Array(0.815179, 0.211691, -0.539138, 1.83114, -0.261463, 0.965074, -0.0163999, 2.49576, 0.516837, 0.154334, 0.842058, 4.04558, -0.993846, 0.0621841, -0.0916712, -2.62118, 0.0935983, 0.91402, -0.394723, 9.36518, 0.0592438, -0.400875, -0.914215, 1.12976, 0.888101, 0.365437, -0.278805, -6.85471, -0.302451, 0.921349, 0.244213, 9.10315, 0.346121, -0.132561, 0.928778, 0.615249, -0.735801, 0.324827, -0.594209, 0.369687, 0.114207, 0.924406, 0.36391, 9.59353, 0.667499, 0.199902, -0.717276, 8.93552, 0.708792, -0.161717, 0.686631, -2.40751, 0.10059, 0.986591, 0.128528, 6.23562, -0.698209, -0.0220312, 0.715555, 7.26914, 0.273347, -0.235871, 0.932548, 1.59956, 0.0372677, 0.971339, 0.234758, 2.91288, -0.961193, -0.0294166, 0.274303, 8.91866, -0.991938, -0.0953908, -0.0834243, 8.19993, -0.0796885, 0.9814, -0.174655, 7.10218, 0.0985331, -0.166599, -0.981089, 1.0721, 0.0485615, 0.637971, 0.768528, -4.1339, 0.0397071, 0.767594, -0.639705, 5.529, -0.998031, 0.061581, 0.0119435, 5.17737)

[sub_resource type="StandardMaterial3D" id="StandardMaterial3D_0rbif"]
albedo_color = Color(0, 0.568627, 0.101961, 1)

[sub_resource type="PlaneMesh" id="PlaneMesh_q8yrx"]
material = SubResource( "StandardMaterial3D_0rbif" )
size = Vector2(50, 50)

[node name="butterflies" type="Node3D"]

[node name="DirectionalLight3D" type="DirectionalLight3D" parent="."]
transform = Transform3D(-0.794415, 0.410337, -0.447804, 1.49012e-08, 0.737277, 0.67559, 0.607376, 0.536699, -0.585704, 0, 0, 0)
shadow_enabled = true
directional_shadow_max_distance = 250.0

[node name="WorldEnvironment" type="WorldEnvironment" parent="."]
environment = SubResource( "Environment_qj4fn" )

[node name="Camera3D" type="Camera3D" parent="."]
transform = Transform3D(1, 0, 0, 0, 0.879931, 0.475102, 0, -0.475102, 0.879931, 0, 9.13211, 12.243)

[node name="MultiMeshInstance3D" type="MultiMeshInstance3D" parent="."]
multimesh = SubResource( "MultiMesh_g8etn" )
script = ExtResource( "3_3d4u6" )
max_x = 12.0
max_y = 12.0
max_z = 12.0
speed_rotation = 0.1

[node name="MeshInstance3D" type="MeshInstance3D" parent="."]
mesh = SubResource( "PlaneMesh_q8yrx" )
